 4213106
 4213107
 4213109
 4213111
 4221101
 4221261
 4221267
 4221282
 4221283
 4221285
 4221287
 4221390
 4221394
 4221398
 4221642
 4221740
 4221872
 4221881
 4221891
 4221901
 4221911
 4221921
 4221931
 4221941
 4221984
 4222160
 4222190
 4222191
 4222193
 4222195
 4222197
 4222199
 4222200
 4222509
 4222717
 4222718
 4222720
 4222722
 4256739
 4256742
 4256786
 4256872
 4256876
 4256883
 4256947
 4256948
 4256950
 4256952
 4256954
 4256956
 4263030
 4263106
 4263111
 4263127
 4263187
 4263217
 4263218
 4263220
 4263222
 4263224
 4263226
 4263227
 4263238
 4263246
 4263252
 4263265
 4263277
 4263376
 4263411
 4263416
 4263422
 4263446
 4263459
 4263513
 4263517
 4263524
 4263531
 4263557
 4263564
 4263645
 4263655
 4263661
 4263678
 4263688
 4263700
 4263701
 4263703
 4263705
 4263707
 4263709
 4264736
 4264919
 4264928
 4264945
 4303875
 4323424
 4353967
 4353971
 4353977
 4353981
 4354188
 4354189
 4354191
 4354193
 4362320
 4362325
 4362329
 4362378
 4362384
 4362412
 4362451
 4362455
 4362459
 4362544
 4362548
 4362633
 4362639
 4362648
 4362652
 4362666
 4362669
 4362693
 4362700
 4362768
 4362772
 4362776
 4362780
 4362784
 4362799
 4362816
 4362823
 4362830
 4362839
 4362871
 4362889
 4362890
 4362892
 4362894
 4362896
 4362898
 4362899
 4365344
 4365348
 4586012
 4586016
 4586020
 4586038
 4588469
 4588480
 4588491
 4588492
 4588495
 4593264
 4593268
 4714496
 4716356
 4716373
 4716480
 4716692
 4716701
 4716705
 4716717
 4716773
 4716774
 4716776
 4716778
 4716780
 4716782
 4716783
 4808664
 4808668
 4808792
 4808798
 4808805
 4808914
 4808925
 4808936
 4808947
 4808955
 4808963
 4808971
 4808975
 4808982
 4808993
 4809012
 4809013
 4809015
 4809017
 4809543
 4809555
 4809559
 4809567
 4809568
 4809570
 4809655
 4809664
 4809668
 4809675
 4809686
 4809687
 4809689
 4809791
 4809816
 4809833
 4809837
 4809842
 4810085
 4810104
 4810105
 4810107
 4810109
 4810111
 4810113
 4810247
 4810256
 4810260
 4810268
 4810269
 4810271
 4810907
 4810912
 4810916
 4810919
 4810922
 4810925
 4810929
 4810933
 4810957
 4810961
 4810964
 4810971
 4810978
 4810987
 4810993
 4811008
 4811021
 4811034
 4811043
 4811051
 4811062
 4811072
 4811110
 4811116
 4811117
 4811119
 4811121
 4811123
 4811125
 4811126
 4861092
 4861095
 4861099
 4861104
 4861108
 4861111
 4861114
 4861120
 4861124
 4861128
 4861158
 4861162
 4861165
 4861172
 4861193
 4861197
 4861218
 4861222
 4861226
 4861229
 4861232
 4861238
 4861243
 4861247
 4861273
 4861277
 4861280
 4861287
 4861341
 4861345
 4861348
 4861352
 4861621
 4861624
 4861672
 4861682
 4861683
 4861685
 4861687
 4861689
 4861691
 4861692
 4861722
 4861735
 4861748
 4861776
 4861780
 4861784
 4861789
 4861792
 4861796
 4861800
 4861804
 4861807
 4861811
 4861817
 4861821
 4861825
 4861860
 4861864
 4861867
 4861874
 4861881
 4861980
 4861981
 4861983
 4861985
 4861987
 4861989
 4861990
 4862029
 4862032
 4862036
 4862041
 4862044
 4862049
 4862053
 4862057
 4862062
 4862085
 4862090
 4862093
 4862100
 4862124
 4862125
 4862127
 4862129
 4862131
 4862625
 4862630
 4862633
 4862638
 4862642
 4862646
 4862651
 4862681
 4862686
 4862689
 4862696
 4862710
 4862711
 4862713
 4862715
 4862717
 4863400
 4863413
 4863428
 4863432
 4863456
 4863461
 4863464
 4863477
 4863491
 4863499
 4863502
 4863516
 4863533
 4863664
 4863668
 4863691
 4863711
 4863716
 4863720
 4863733
 4863747
 4863755
 4863758
 4863772
 4863789
 4863920
 4863924
 4863948
 4863968
 4863973
 4863976
 4863979
 4864020
 4864023
 4864255
 4864268
 4864273
 4864277
 4864304
 4864308
 4864323
 4864352
 4864387
 4864390
 4864707
 4864816
 4864817
 4864819
 4864821
 4864823
 4864825
 4864826
 4865157
 4865170
 4865190
 4865194
 4865210
 4865211
 4865213
 4865215
 4865515
 4865520
 4865526
 4865530
 4865534
 4865544
 4865548
 4865560
 4865567
 4865568
 4865570
 4865572
 4890975
 4890979
 4890985
 4890989
 4891196
 4891197
 4891199
 4891201
 4958458
 4958462
 4958466
 4958469
 4958473
 4958479
 4958483
 4958487
 4958505
 4958509
 4958512
 4958519
 4958526
 4958736
 4958737
 4958739
 4958741
 4958743
 4964999
 4965052
 4965062
 4965165
 4965190
 4965239
 4965246
 4965281
 4965284
 4972069
 4972073
 4972078
 4972081
 4972086
 4972093
 4972098
 4972103
 4972121
 4972126
 4972129
 4972136
 4972195
 4972196
 4972198
 4972200
 4972202
 4972437
 4972476
 4972477
 4972479
 4972481
 4972483
 4972485
 4972755
 4972756
 4973682
 4973686
 4973690
 4973702
 4973706
 4973712
 4973716
 4973744
 4973748
 4973762
 4973771
 4973775
 4973779
 4973793
 4973798
 4973802
 4973807
 4973812
 4973817
 4973832
 4973833
 4973835
 4973837
 4973839
 4973841
 4973842
 4973950
 4973954
 4973958
 4973962
 4973965
 4973971
 4973972
 4981250
 4981439
 4981442
 4981452
 4981474
 4981520
 4981524
 4981531
 4981555
 4982648
 4982659
 4982673
 4982680
 4982813
 4982815
 4982831
 4982838
 4982842
 4982887
 4982910
 4982921
 4982925
 4982932
 4983017
 4983033
 4983040
 4983053
 4983057
 4983079
 4983091
 4983105
 4983112
 4983119
 4983132
 4983136
 4983304
 4983315
 4983544
 4983551
 4983554
 4983558
 4983562
 4983566
 4983700
 4983714
 4983721
 4983744
 4983793
 4983798
 4983820
 4983832
 4983836
 4983843
 4983861
 4983871
 4983896
 4983910
 4983922
 4983933
 4983950
 4984263
 4984314
 4984414
 4984422
 4984426
 4984433
 4984436
 4984440
 4984453
 4984459
 4984470
 4984489
 4984496
 4984508
 4984512
 4984527
 4984545
 4984904
 4984921
 4984926
 4984941
 4984952
 4984961
 4984968
 4984972
 4984983
 4984986
 4985001
 4985008
 4985011
 4985101
 4985104
 4985107
 4985114
 4985117
 4985126
 4985133
 4985137
 4985140
 4985151
 4985152
 4985154
 4985156
 4985158
 4985160
 4985161
 4985398
 4985435
 4985447
 4985487
 4985504
 4985511
 4985524
 4985571
 4985585
 4985595
 4985598
 4985617
 4985624
 4985631
 4985638
 4985651
 4985655
 4985672
 4985686
 4985718
 4985729
 4985737
 4985746
 4985753
 4985757
 4985834
 4985849
 4985853
 4985862
 4985869
 4985876
 4985962
 4985969
 4985989
 4986002
 4986440
 4986461
 4986589
 4986606
 4986617
 4986714
 4986721
 4986724
 4986731
 4986736
 4986741
 4986760
 4986767
 4986770
 4986776
 4986783
 4986789
 4986792
 4986913
 4986924
 4986931
 4986945
 4986950
 4986956
 4986961
 4987671
 4987947
 4987954
 4987960
 4987973
 4987982
 4987989
 4987993
 4988178
 4988188
 4988237
 4988244
 4988251
 4988257
 4988260
 4988267
 4988270
 4988277
 4988284
 4988301
 4988319
 4988326
 4988347
 4988368
 4988385
 4988394
 4988401
 4988405
 4988488
 4988500
 4988507
 4988514
 4988521
 4988538
 4988548
 4988560
 4988567
 4988623
 4988678
 4988687
 4988700
 4988759
 4988769
 4988790
 4988795
 4988853
 4988863
 4988866
 4988876
 4988885
 4988892
 4988896
 4988903
 4988910
 4988919
 4989077
 4989092
 4989101
 4989108
 4989115
 4989128
 4989152
 4989272
 4989306
 4989313
 4989348
 4989355
 4989506
 4989513
 4989660
 4989670
 4989680
 4989693
 4989705
 4989712
 4989726
 4989734
 4989739
 4989744
 4989759
 4989766
 4989781
 4989784
 4989788
 4989795
 4989808
 4989827
 4989832
 4989845
 4989923
 4989928
 4989935
 4989945
 4989949
 4989971
 4989982
 4989989
 4989996
 4990009
 4990013
 4990049
 4990063
 4990231
 4990328
 4990335
 4990345
 4990405
 4990415
 4990422
 4990447
 4990460
 4990472
 4990500
 4990510
 4990534
 4990551
 4990554
 4990558
 4990565
 4990582
 4990591
 4990601
 4990610
 4990617
 4990621
 4990632
 4990635
 4990650
 4990657
 4990660
 4990667
 4990758
 4990761
 4990771
 4990774
 4990783
 4990790
 4990794
 4990806
 4990841
 4991082
 4991089
 4991097
 4991448
 4991452
 4991457
 4991480
 4991481
 4991483
 4991485
 4991487
 4991489
 4991490
 4996091
 4996142
 4996320
 4996330
 4996337
 4996494
 4996568
 4996578
 4996585
 4996606
 4996618
 4996633
 4996650
 4996750
 4996804
 4996816
 4996886
 4996893
 4996906
 4996910
 4996914
 4996921
 4996928
 4996947
 4996961
 4997378
 4997382
 4997388
 4997469
 4997482
 4997621
 4997692
 4997693
 4997695
 4997697
 4997699
 4997701
 4997702
 5002218
 5002480
 5002481
 5002483
 5002485
 5002487
 5002488
 5007183
 5007190
 5007193
 5007210
 5007216
 5007223
 5007230
 5007239
 5007243
 5007252
 5007259
 5007280
 5007284
 5007292
 5007309
 5007314
 5007355
 5007366
 5007396
 5007447
 5007536
 5007544
 5007563
 5007567
 5007571
 5007575
 5007580
 5007595
 5007759
 5007762
 5007818
 5007868
 5007891
 5007924
 5007934
 5008230
 5008239
 5008249
 5008306
 5008325
 5008328
 5008666
 5008671
 5008706
 5008730
 5008737
 5008741
 5008744
 5008750
 5008753
 5008762
 5008766
 5008797
 5008801
 5008806
 5008810
 5008813
 5008817
 5008821
 5008832
 5008836
 5008844
 5008851
 5008867
 5009071
 5009076
 5009083
 5009087
 5009090
 5009093
 5009096
 5009106
 5009110
 5009129
 5009133
 5009136
 5009140
 5009162
 5009167
 5009173
 5010846
 5010853
 5010868
 5010955
 5010973
 5010978
 5010995
 5011503
 5011865
 5011873
 5011886
 5011899
 5011903
 5011914
 5011919
 5011932
 5011948
 5011959
 5011964
 5011971
 5011984
 5011990
 5012004
 5012014
 5012026
 5012031
 5012060
 5012082
 5012090
 5012124
 5012146
 5012567
 5012577
 5012584
 5012591
 5012598
 5012601
 5012613
 5012620
 5012625
 5012638
 5012645
 5012652
 5012864
 5012873
 5012907
 5012912
 5013344
 5013352
 5013840
 5013848
 5013857
 5013867
 5013871
 5013875
 5013879
 5013890
 5013894
 5013902
 5013907
 5013927
 5014353
 5014386
 5014408
 5014456
 5014466
 5014487
 5014498
 5014503
 5014513
 5014528
 5014563
 5014594
 5014597
 5014614
 5014617
 5014636
 5014640
 5014645
 5014652
 5014656
 5014659
 5014662
 5014665
 5014676
 5014680
 5014697
 5014701
 5014704
 5014708
 5014729
 5014731
 5014736
 5014756
 5014761
 5014891
 5014896
 5014902
 5015008
 5015013
 5015024
 5015031
 5015034
 5015038
 5015047
 5015054
 5015062
 5015071
 5015076
 5015080
 5015095
 5015099
 5015106
 5015109
 5015664
 5015669
 5015910
 5015920
 5015925
 5016149
 5016160
 5016336
 5016349
 5016364
 5016365
 5016367
 5016369
 5016371
 5016373
 5016374
 5017637
 5017647
 5017656
 5018648
 5018661
 5018784
 5018834
 5018835
 5018837
 5018839
 5018841
 5018843
 5018844
 5021220
 5021242
 5021256
 5021282
 5021289
 5021292
 5021304
 5021311
 5021318
 5021336
 5021340
 5021353
 5021587
 5021627
 5021640
 5021651
 5021668
 5021681
 5021688
 5021740
 5021746
 5021769
 5021795
 5021809
 5021859
 5021883
 5021888
 5021892
 5021897
 5021902
 5021933
 5021949
 5021953
 5022053
 5022066
 5022073
 5022154
 5022193
 5022243
 5022267
 5022272
 5022276
 5022286
 5022313
 5022325
 5022329
 5022349
 5022397
 5022421
 5022426
 5022432
 5022441
 5022445
 5022448
 5022494
 5022507
 5022508
 5022510
 5022512
 5022514
 5022516
 5022517
 5023712
 5023720
 5023732
 5023736
 5023740
 5023771
 5023774
 5023980
 5023992
 5024144
 5024152
 5024168
 5024177
 5024181
 5024192
 5024333
 5024337
 5024395
 5024594
 5024614
 5024672
 5025235
 5025246
 5025251
 5025256
 5025261
 5025273
 5025276
 5025290
 5025498
 5025499
 5025501
 5025503
 5025505
 5025507
 5025508
 5031087
 5031124
 5031131
 5031191
 5031210
 5031217
 5031226
 5031245
 5031621
 5031628
 5031635
 5031902
 5031903
 5031905
 5031907
 5031909
 5031911
 5031912
 5035479
 5035488
 5035604
 5035626
 5035633
 5035635
 5035649
 5035666
 5035671
 5035697
 5035713
 5035718
 5035759
 5035784
 5035888
 5035895
 5035898
 5035948
 5036000
 5036023
 5036039
 5036287
 5036297
 5036304
 5036387
 5036394
 5036496
 5036501
 5036506
 5036555
 5036563
 5036779
 5036790
 5036801
 5036806
 5036808
 5036818
 5036957
 5036961
 5036971
 5036978
 5036993
 5036994
 5036996
 5036998
 5037000
 5037002
 5037003
 5039194
 5039244
 5039250
 5039271
 5039278
 5039281
 5039374
 5039377
 5039383
 5039392
 5039393
 5039395
 5039397
 5039398
 5048167
 5048171
 5048208
 5048212
 5048225
 5048229
 5048242
 5048245
 5048250
 5048261
 5048296
 5048300
 5048309
 5048313
 5048341
 5048345
 5048371
 5048375
 5048504
 5048528
 5048532
 5048536
 5048549
 5048553
 5048720
 5048749
 5048756
 5048757
 5048759
 5048761
 5048763
 5048765
 5048975
 5048979
 5049002
 5049011
 5049015
 5049021
 5049029
 5049181
 5049194
 5049201
 5049286
 5049291
 5049294
 5049310
 5049316
 5049328
 5049332
 5049342
 5049346
 5049357
 5049368
 5049373
 5049376
 5049380
 5049434
 5049435
 5049437
 5049439
 5049441
 5049443
 5049444
 5087721
 5087722
 5103133
 5103159
 5103166
 5103180
 5103215
 5103255
 5103256
 5103258
 5103260
 5122079
 5122083
 5122093
 5122300
 5122301
 5122303
 5122305
 5172288
 5172291
 5172704
 5172708
 5172711
 5172725
 5172729
 5172736
 5172740
 5172744
 5172745
 5172747
 5172749
 5173168
 5173172
 5173232
 5173235
 5173296
 5173300
 5173488
 5173492
 5203091
 5203092
 5203094
 5203377
 5203388
 5203394
 5203398
 5203402
 5203405
 5203414
 5203418
 5203427
 5203472
 5203500
 5203506
 5203510
 5203514
 5203517
 5203526
 5203530
 5203539
 5203583
 5203584
 5203586
 5203588
 5203590
 5203591
 5204379
 5204383
 5204387
 5204390
 5204393
 5204397
 5204401
 5204404
 5204407
 5204411
 5204415
 5204418
 5204445
 5204446
 5205127
 5205137
 5205141
 5205321
 5205322
 5205324
 5205326
 5205327
 5206183
 5206200
 5206226
 5206267
 5206274
 5206404
 5206405
 5206407
 5240234
 5240413
 5240448
 5240452
 5240604
 5240605
 5240607
 5240608
 5246167
 5246171
 5246173
 5246211
 5246227
 5246332
 5246345
 5246346
 5246348
 5247159
 5247163
 5247165
 5247189
 5247356
 5247357
 5247359
 5247376
 5247426
 5247427
 5247428
 5247520
 5247571
 5247572
 5247574
 5247616
 5247660
 5247672
 5247673
 5247675
 5247677
 5247678
 5262252
 5262272
 5262289
 5262419
 5262481
 5262613
 5262618
 5262642
 5262652
 5263264
 5263285
 5263314
 5263315
 5263317
 5263319
 5263321
 5263323
 5263324
 5264010
 5264032
 5264186
 5264213
 5264217
 5264235
 5264245
 5264260
 5264287
 5264338
 5264516
 5264520
 5264623
 5264642
 5264671
 5264788
 5264794
 5264809
 5264813
 5264834
 5264874
 5264880
 5265774
 5265789
 5265829
 5265834
 5265982
 5265987
 5266061
 5266073
 5266079
 5266082
 5266090
 5266133
 5266138
 5266142
 5266156
 5266211
 5266274
 5266280
 5266302
 5266311
 5266314
 5266327
 5266345
 5266372
 5266373
 5266375
 5266377
 5266379
 5266381
 5266382
 5273530
 5273552
 5273571
 5273575
 5273735
 5273736
 5273738
 5273739
 5274055
 5274078
 5274097
 5274101
 5274230
 5274236
 5274295
 5274296
 5274298
 5274300
 5274302
 5274304
 5274305
 5319415
 5319445
 5319454
 5319463
 5319489
 5319543
 5319544
 5319546
 5319548
 5319550
 5319552
 5319553
 5320740
 5320748
 5320757
 5320766
 5320769
 5320835
 5320836
 5320838
 5320840
 5320842
 5320843
 5321303
 5321313
 5321317
 5321328
 5321345
 5321352
 5321367
 5321395
 5321440
 5321452
 5321456
 5321473
 5321476
 5321562
 5321660
 5322144
 5322220
 5322231
 5322238
 5322245
 5322249
 5322444
 5322448
 5322455
 5322462
 5322469
 5322515
 5322519
 5322526
 5322529
 5322541
 5322560
 5322570
 5322782
 5322787
 5322795
 5322803
 5322808
 5322913
 5322914
 5322916
 5322918
 5322920
 5322922
 5322923
 5323200
 5323213
 5323220
 5323224
 5323228
 5323267
 5323279
 5323286
 5323303
 5323426
 5323431
 5323494
 5323512
 5323513
 5323515
 5323517
 5323519
 5323521
 5323522
 5393728
 5393731
 5393758
 5393762
 5393770
 5393771
 5393773
 5396186
 5396557
 5396569
 5396576
 5396581
 5396584
 5396589
 5396596
 5396600
 5396605
 5396624
 5396629
 5396634
 5396637
 5396644
 5396662
 5396668
 5396669
 5396671
 5396673
 5396675
 5396676
 5403509
 5403520
 5403524
 5404214
 5404218
 5404223
 5404226
 5404231
 5404238
 5404242
 5404247
 5404282
 5404287
 5404297
 5404304
 5404316
 5404320
 5404325
 5404328
 5404333
 5404340
 5404344
 5404349
 5404424
 5404539
 5404540
 5404542
 5404544
 5404546
 5404548
 5404549
 5412765
 5412772
 5412785
 5412789
 5412836
 5413016
 5413020
 5413040
 5413151
 5413155
 5413173
 5413182
 5413737
 5413742
 5414157
 5414172
 5414176
 5414184
 5414188
 5414254
 5414261
 5414525
 5414526
 5414528
 5414530
 5414532
 5414534
 5414535
 5415063
 5415067
 5415078
 5415085
 5415123
 5415124
 5415126
 5415127
 5415286
 5415290
 5415362
 5415369
 5415377
 5415380
 5415383
 5415705
 5415718
 5415722
 5415726
 5415816
 5416343
 5416347
 5416351
 5416358
 5416586
 5416713
 5416714
 5416716
 5416718
 5416720
 5416722
 5416723
 5417064
 5417071
 5417078
 5417311
 5417345
 5417360
 5417993
 5418790
 5418852
 5418878
 5418879
 5418881
 5418883
 5418885
 5418887
 5418888
 5425439
 5425448
 5425460
 5425464
 5425476
 5425731
 5425735
 5425835
 5425895
 5425913
 5425917
 5425921
 5425938
 5425939
 5425941
 5425943
 5425945
 5425947
 5425948
 5435748
 5435778
 5436865
 5436893
 5437036
 5437700
 5437703
 5437708
 5437721
 5437743
 5437746
 5437772
 5437779
 5437793
 5437798
 5437805
 5437809
 5437818
 5437836
 5437839
 5437861
 5437868
 5437924
 5437929
 5437936
 5437940
 5437949
 5437953
 5437967
 5437970
 5438005
 5438012
 5438676
 5438681
 5438690
 5438708
 5438711
 5438733
 5438740
 5438971
 5438972
 5438974
 5438976
 5438978
 5438979
 5440530
 5442513
 5442615
 5442616
 5442618
 5442620
 5442736
 5445236
 5445242
 5445258
 5445262
 5445266
 5445269
 5445272
 5445276
 5445280
 5445284
 5445305
 5445309
 5445312
 5445319
 5445326
 5445334
 5445344
 5445345
 5445347
 5445349
 5445350
 5445371
 5445378
 5445382
 5445386
 5445394
 5445395
 5445397
 5883396
 5884199
 5884203
 5884274
 5884283
 5884294
 5884298
 5884305
 5884314
 5884325
 5884329
 5884336
 5884357
 5884361
 5884372
 5884402
 5884412
 5884416
 5884419
 5884704
 5884734
 5885038
 5885039
 5885041
 5885043
 5885045
 5885047
 5885048
 5885236
 5885254
 5885267
 5885270
 5885312
 5885321
 5885430
 5885444
 5885456
 5885460
 5885464
 5885479
 5885491
 5885495
 5885536
 5885544
 5885551
 5885555
 5885561
 5885636
 5885637
 5885639
 5885641
 5885643
 5885645
 5885646
 5886757
 5886762
 5886771
 5886828
 5886832
 5886856
 5886857
 5886859
 5886861
 5886863
 5886865
 5886948
 5886951
 5886959
 5886970
 5887076
 5887077
 5887223
 5887248
 5887428
 5887431
 5887444
 5887452
 5887453
 5888012
 5888368
 5888372
 5888385
 5888393
 5888397
 5888400
 5888406
 5888421
 5888430
 5888448
 5888483
 5888489
 5888509
 5888527
 5888528
 5888530
 5888532
 5888534
 5888536
 5892092
 5892096
 5892100
 5892104
 5892370
 5892386
 5892406
 5892434
 5892482
 5892485
 5892528
 5892556
 5892557
 5892559
 5892561
 5892563
 5892565
 5892641
 5892646
 5892668
 5892704
 5892712
 5892716
 5892869
 5892894
 5892897
 5892920
 5892923
 5892951
 5892952
 5892954
 5892956
 5892958
 5892960
 5892961
 5893530
 5893531
 5893533
 5893535
 5893537
 5893539
 5893540
 5894600
 5894601
 5894603
 5894605
 5894607
 5894609
 5894699
 5894722
 5894750
 5894751
 5894753
 5895355
 5895432
 5895433
 5895435
 5895752
 5895768
 5895772
 5896002
 5896003
 5896005
 5896007
 5910240
 5910243
 5910261
 5910266
 5910270
 5910275
 5910281
 5910285
 5910289
 5910293
 5910296
 5910297
 5910299
 5910533
 5910538
 5910542
 5910549
 5910553
 5910557
 5910558
 5910560
 5910661
 5910666
 5910670
 5910677
 5910685
 5910689
 5910692
 5910693
 5910695
 5910807
 5910812
 5910816
 5910823
 5910827
 5910831
 5910835
 5910836
 5910838
 5910840
 5912311
 5912348
 5912349
 5912351
 5912353
 5912355
 5912356
 5945759
 5945771
 5945772
 5945774
 5947682
 5947696
 5947713
 5947725
 5947786
 5947787
 5947789
 5948176
 5948301
 5948336
 5948359
 5948363
 5948394
 5948411
 5948433
 5948458
 5948459
 5948461
 5948463
 5948465
 5948467
 5948468
 5948736
 5948744
 5948775
 5948816
 5948825
 5948880
 5948980
 5949165
 5949166
 5949168
 5949170
 5949171
 5949230
 5949239
 5949243
 5949246
 5949259
 5949260
 5950699
 5950706
 5950712
 5950718
 5950733
 5950736
 5950739
 5950742
 5950783
 5950787
 5950817
 5950818
 5950820
 5950821
 5952000
 5952003
 5955723
 5955730
 5955744
 5955753
 5955972
 5956039
 5956045
 5956064
 5956143
 5956674
 5956677
 5956711
 5956718
 5956729
 6014887
 6014912
 6017543
 6017550
 6017557
 6017565
 6017589
 6017596
 6017605
 6017611
 6017614
 6023854
 6023871
 6023878
 6023896
 6023972
 6024268
 6024286
 6024595
 6024602
 6024624
 6024679
 6024686
 6024715
 6024722
 6024725
 6024819
 6024938
 6024961
 6025192
 6025193
 6025195
 6025197
 6025199
 6025201
 6025202
 6026410
 6026452
 6026476
 6026489
 6026494
 6026571
 6026578
 6026599
 6026619
 6026688
 6026695
 6026716
 6026734
 6026768
 6026790
 6026896
 6026899
 6026911
 6026976
 6026991
 6026992
 6026994
 6026996
 6026998
 6027000
 6027001
 6027402
 6027607
 6027627
 6027638
 6027639
 6027641
 6028170
 6028172
 6028196
 6028222
 6028239
 6028240
 6028242
 6028273
 6028280
 6028317
 6028319
 6028336
 6028349
 6028354
 6028361
 6028418
 6028427
 6028448
 6028449
 6028451
 6028453
 6028455
 6028457
 6028458
 6028488
 6028490
 6028514
 6028525
 6028542
 6028543
 6028544
 6028884
 6028896
 6028913
 6028920
 6028989
 6028996
 6029005
 6029006
 6029008
 6029010
 6029011
 6049456
 6049457
 6049458
 6049656
 6049663
 6049666
 6049680
 6049687
 6049692
 6049714
 6049715
 6049716
 6052404
 6052465
 6052472
 6052624
 6052625
 6052627
 6052629
 6052630
 6062039
 6062048
 6063536
 6063541
 6063566
 6063573
 6063655
 6063690
 6063793
 6063835
 6063856
 6063890
 6063904
 6063952
 6063956
 6063975
 6063978
 6064149
 6064183
 6064200
 6064693
 6064716
 6070315
 6070352
 6070416
 6070435
 6070464
 6070505
 6095611
 6095696
 6095708
 6095759
 6095788
 6096310
 6096326
 6096340
 6096341
 6096343
 6096345
 6096347
 6096349
 6096350
 6125124
 6125134
 6125144
 6125145
 6125184
 6125187
 6288919
 6288936
 6289012
 6289015
 6289250
 6289261
 6289272
 6289283
 6289294
 6289305
 6289332
 6289389
 6289392
 6289407
 6289723
 6289724
 6289726
 6289728
 6289730
 6289732
 6289733
 6289870
 6289871
 6289873
 6290019
 6290022
 6290033
 6290036
 6290047
 6290050
 6290065
 6290066
 6290302
 6290303
 6290305
 6290307
 6290448
 6290496
 6290508
 6290512
 6290516
 6290562
 6290574
 6290578
 6290582
 6290591
 6290595
 6290612
 6290617
 6290621
 6290625
 6290637
 6290642
 6290651
 6290683
 6290687
 6290691
 6290695
 6290750
 6290754
 6290765
 6290769
 6290773
 6290786
 6290797
 6290816
 6290821
 6290833
 6290837
 6290841
 6290850
 6290854
 6290874
 6290879
 6290902
 6290919
 6290923
 6290927
 6291013
 6291017
 6291024
 6291044
 6291048
 6291056
 6291065
 6291075
 6291105
 6291109
 6291123
 6291391
 6291436
 6291445
 6291453
 6291511
 6291512
 6291514
 6291516
 6291518
 6291520
 6291521
 6292004
 6292011
 6292018
 6292028
 6292031
 6292082
 6292134
 6292135
 6292137
 6292139
 6292141
 6292143
 6292144
 6292331
 6292495
 6292503
 6292506
 6292538
 6292541
 6292547
 6292548
 6292550
 6292551
 6292611
 6292612
 6294731
 6294736
 6294745
 6294749
 6294761
 6294764
 6294772
 6294773
 6294775
 6294777
 6587360
 6587361
 6592722
 6592921
 6592941
 6592942
 6592944
 6593049
 6593096
 6593102
 6593117
 6593122
 6593126
 6593130
 6593140
 6593201
 6593255
 6593256
 6593258
 6593260
 6593261
 6594736
 6594753
 6596398
 6596601
 6596620
 6596667
 6603528
 6603546
 6603582
 6603586
 6603589
 6603600
 6603601
 6603603
 6603605
 6603606
 6604123
 6604132
 6604173
 6604177
 6604180
 6604184
 6604231
 6604239
 6604251
 6604272
 6604276
 6604297
 6604336
 6604351
 6604355
 6604363
 6604375
 6604403
 6604439
 6604443
 6604446
 6604452
 6604466
 6604474
 6604475
 6604477
 6604479
 6604481
 6608575
 6608582
 6608599
 6608604
 6608623
 6608632
 6608650
 6608651
 6608653
 6608655
 6608657
 6608659
 6608903
 6608907
 6608920
 6609026
 6609034
 6609035
 6609037
 6609039
 6609041
 6609043
 6609044
 6609120
 6609124
 6609130
 6609142
 6609187
 6609255
 6609277
 6609360
 6609364
 6609375
 6609382
 6609405
 6609409
 6609420
 6609427
 6609465
 6609472
 6609528
 6609529
 6609531
 6609533
 6609535
 6609537
 6609538
 6610129
 6610132
 6610141
 6610160
 6610161
 6610240
 6610304
 6610308
 6610331
 6610332
 6610334
 6610336
 6610338
 6610340
 6678640
 6678641
 6745719
 6760807
 6786372
 6786373
 6786375
 6786377
 6786379
 6786381
 6788214
 6788250
 6788254
 6788257
 6788268
 6788269
 6788271
 6788273
 6788275
 6788277
 6788278
 6788699
 6788708
 6788749
 6788753
 6788756
 6788760
 6788807
 6788815
 6788827
 6788848
 6788852
 6788873
 6788912
 6788927
 6788931
 6788939
 6788951
 6788979
 6789015
 6789019
 6789022
 6789028
 6789050
 6789051
 6789053
 6789055
 6789057
 6796122
 6796131
 6796315
 6796316
 6796472
 6796487
 6796497
 6796508
 6796512
 6796530
 6796559
 6796574
 6796632
 6796644
 6796648
 6796656
 6796660
 6796664
 6796679
 6796680
 6796682
 6796684
 6796884
 6796895
 6797067
 6797070
 6797094
 6797113
 6797133
 6797134
 6797136
 6797138
 6797140
 6797142
 6797143
 6797930
 6797946
 6797971
 6797981
 6797992
 6798014
 6798045
 6798061
 6798071
 6798076
 6798128
 6798144
 6798163
 6798256
 6798269
 6798341
 6798363
 6798365
 6798367
 6798369
 6798371
 6798372
 6807780
 6807788
 6807794
 6808002
 6808016
 6808048
 6808142
 6808165
 6808187
 6808195
 6808203
 6808231
 6808237
 6808242
 6808313
 6808336
 6808358
 6808368
 6808375
 6808403
 6808471
 6808491
 6808496
 6808511
 6808518
 6808526
 6808530
 6808561
 6808608
 6808626
 6808631
 6808643
 6808650
 6808657
 6808680
 6808681
 6808683
 6808685
 6808687
 6808689
 6808690
 6809044
 6809045
 6809047
 6809049
 6809051
 6809053
 6809906
 6809940
 6809941
 6809943
 6809945
 6809947
 6809949
 6809966
 6810011
 6810029
 6810050
 6810052
 6810054
 6810056
 6810058
 6810096
 6810137
 6810138
 6810140
 6810142
 6811049
 6811056
 6811152
 6811162
 6811184
 6811201
 6811208
 6811220
 6811224
 6811264
 6811271
 6811283
 6811320
 6811326
 6811337
 6811347
 6811355
 6811365
 6811376
 6811650
 6811671
 6811686
 6811691
 6811709
 6811720
 6811730
 6811739
 6811749
 6811752
 6811878
 6811899
 6811900
 6811902
 6811904
 6811906
 6811908
 6811909
 6814427
 6814437
 6814446
 6814615
 6814619
 6814640
 6814641
 6814643
 6814645
 6835790
 6835807
 6835820
 6835821
 6835823
 6835825
 6835827
 6835829
 6835830
 6837716
 6837870
 6837875
 6837884
 6837929
 6837930
 6837932
 6837934
 6841428
 6841438
 6841443
 6841447
 6841451
 6841455
 6841499
 6841500
 6841502
 6841504
 6841506
 6842086
 6842109
 6842113
 6842117
 6842121
 6842125
 6842129
 6842133
 6842146
 6842182
 6842186
 6842189
 6842200
 6842201
 6842203
 6842205
 6842207
 6842209
 6842210
 6842635
 6842644
 6842685
 6842689
 6842692
 6842696
 6842909
 6842945
 6842949
 6842952
 6842958
 6842976
 6842977
 6842979
 6842981
 6842983
 6843812
 6843816
 6843836
 6843837
 6846052
 6846057
 6846062
 6846071
 6846107
 6846108
 6846110
 6846112
 6846114
 6846614
 6846637
 6846641
 6846645
 6846649
 6846653
 6846666
 6846702
 6846706
 6846709
 6846720
 6846721
 6846723
 6846725
 6846727
 6846729
 6846730
 6847147
 6847156
 6847197
 6847201
 6847204
 6847208
 6847427
 6847463
 6847467
 6847470
 6847476
 6847490
 6847498
 6847499
 6847501
 6847503
 6847505
 6849102
 6849108
 6849127
 6849138
 6849139
 6849141
 6849143
 6850030
 6850036
 6850050
 6850124
 6850207
 6850208
 6850210
 6850638
 6850644
 6850658
 6850665
 6850839
 6850840
 6850842
 6851114
 6851117
 6851127
 6851198
 6851199
 6851466
 6851469
 6851479
 6851496
 6851497
 6868338
 6868339
 6868341
 6868343
 6868345
 6868347
 6868348
 6868548
 6870020
 6870485
 6870494
 6870530
 6870534
 6870537
 6870548
 6870549
 6870551
 6870553
 6870555
 6870557
 6870558
 6870971
 6870980
 6871021
 6871025
 6871028
 6871032
 6871079
 6871087
 6871099
 6871120
 6871124
 6871145
 6871184
 6871199
 6871203
 6871211
 6871223
 6871251
 6871287
 6871291
 6871294
 6871300
 6871314
 6871322
 6871323
 6871325
 6871327
 6871329
 6872176
 6872177
 6872453
 6872462
 6872498
 6872502
 6872505
 6872516
 6872517
 6872519
 6872521
 6872523
 6872525
 6872526
 6872939
 6872948
 6872989
 6872993
 6872996
 6873000
 6873047
 6873055
 6873067
 6873088
 6873092
 6873113
 6873152
 6873167
 6873171
 6873179
 6873191
 6873219
 6873255
 6873259
 6873262
 6873268
 6873282
 6873290
 6873291
 6873293
 6873295
 6873297
 6875856
 6875857
 7259836
 7259837
 7259838
 7267312
 8020096
 8020111
 8020118
 8020127
 8020138
 8020160
 8020170
 8020188
 8020207
 8020218
 8020225
 8020239
 8020292
 8020293
 8020294
 8020296
 8020298
 8024048
 8024066
 8024073
 8024082
 8024097
 8024118
 8024123
 8024130
 8024137
 8024144
 8024181
 8024197
 8024203
 8043774
 8043808
 8044003
 8044004
 8044011
 8044013
 8044015
 8044017
 8044035
 8053536
 8053543
 8065937
 8065951
 8065963
 8066002
 8066024
 8066090
 8066258
 8066341
 8066342
 8066343
 8066345
 8066347
 8066349
 8066351
 8067819
 8067857
 8067870
 8067888
 8067900
 8067914
 8067933
 8067990
 8068002
 8068033
 8068034
 8068035
 8068037
 8068039
 8068041
 8068043
 8073118
 8073141
 8073166
 8073178
 8073267
 8073329
 8073357
 8073358
 8073359
 8073361
 8073363
 8073365
 8073367
 8073406
 8073425
 8073558
 8073592
 8073611
 8073646
 8073679
 8074048
 8074337
 8074381
 8074406
 8074431
 8074464
 8074472
 8074640
 8074679
 8074761
 8075089
 8075216
 8075224
 8081593
 8081616
 8081636
 8081657
 8081685
 8081705
 8081746
 8081747
 8081748
 8083248
 8116122
 8116256
 8164222
 8164331
 8164368
 8164418
 8164421
 8164425
 8164429
 8164460
 8164463
 8164467
 8164471
 8164515
 8164526
 8164528
 8164555
 8164575
 8164586
 8164592
 8164643
 8164854
 8164858
 8164862
 8164866
 8164870
 8164882
 8164889
 8164940
 8164943
 8164947
 8164955
 8164959
 8164971
 8164978
 8165030
 8165040
 8165065
